 199      1  0.0000000000000E+00  8.43707E-18  0.00000E+00
  6.0265382E+00 -1.6537828E+00  1.3731202E+01 -3.0000000E+01  9.2711103E+00  1.3770574E-07  7.0000229E-01  2.9446602E-05  2.8000092E-01  3.4600113E-03  1.1200037E-03  9.6400316E-03
  6.0274168E+00 -1.6547977E+00  1.3062990E+01  3.4172617E+00  9.5889117E+00  2.7775719E-06  7.0000229E-01  2.9446602E-05  2.8000092E-01  3.4600113E-03  1.1200037E-03  9.6400316E-03
  6.0273329E+00 -1.6550253E+00  1.2823078E+01  3.5093268E+00  9.8278746E+00  1.4501675E-05  7.0000229E-01  2.9446602E-05  2.8000092E-01  3.4600113E-03  1.1200037E-03  9.6400316E-03
  6.0271262E+00 -1.6553372E+00  1.2664316E+01  3.5581657E+00  9.9997262E+00  4.6097278E-05  7.0000229E-01  2.9446602E-05  2.8000092E-01  3.4600113E-03  1.1200037E-03  9.6400316E-03
  6.0268485E+00 -1.6557563E+00  1.2545599E+01  3.5932446E+00  1.0122275E+01  1.0646596E-04  7.0000229E-01  2.9446602E-05  2.8000092E-01  3.4600113E-03  1.1200037E-03  9.6400316E-03
  6.0265133E+00 -1.6562623E+00  1.2454306E+01  3.6207284E+00  1.0213503E+01  1.9981159E-04  7.0000229E-01  2.9446602E-05  2.8000092E-01  3.4600113E-03  1.1200037E-03  9.6400316E-03
  6.0261290E+00 -1.6568422E+00  1.2381626E+01  3.6431640E+00  1.0285193E+01  3.2831696E-04  7.0000229E-01  2.9446602E-05  2.8000092E-01  3.4600113E-03  1.1200037E-03  9.6400316E-03
  6.0257003E+00 -1.6574892E+00  1.2321608E+01  3.6620448E+00  1.0344173E+01  4.9412785E-04  7.0000229E-01  2.9446602E-05  2.8000092E-01  3.4600113E-03  1.1200037E-03  9.6400316E-03
  6.0252291E+00 -1.6582005E+00  1.2270455E+01  3.6783474E+00  1.0394428E+01  6.9988367E-04  7.0000229E-01  2.9446602E-05  2.8000092E-01  3.4600113E-03  1.1200037E-03  9.6400316E-03
  6.0247155E+00 -1.6589756E+00  1.2225739E+01  3.6927271E+00  1.0438401E+01  9.4879236E-04  7.0000229E-01  2.9446602E-05  2.8000092E-01  3.4600113E-03  1.1200037E-03  9.6400316E-03
  6.0241588E+00 -1.6598159E+00  1.2185854E+01  3.7056345E+00  1.0477674E+01  1.2446287E-03  7.0000229E-01  2.9446602E-05  2.8000092E-01  3.4600113E-03  1.1200037E-03  9.6400316E-03
  6.0235574E+00 -1.6607234E+00  1.2149702E+01  3.7173870E+00  1.0513316E+01  1.5917317E-03  7.0000229E-01  2.9446602E-05  2.8000092E-01  3.4600113E-03  1.1200037E-03  9.6400316E-03
  6.0229095E+00 -1.6617013E+00  1.2116505E+01  3.7282150E+00  1.0546082E+01  1.9950128E-03  7.0000229E-01  2.9446602E-05  2.8000092E-01  3.4600113E-03  1.1200037E-03  9.6400316E-03
  6.0222126E+00 -1.6627531E+00  1.2085695E+01  3.7382890E+00  1.0576521E+01  2.4599743E-03  7.0000229E-01  2.9446602E-05  2.8000092E-01  3.4600113E-03  1.1200037E-03  9.6400316E-03
  6.0214640E+00 -1.6638828E+00  1.2056847E+01  3.7477390E+00  1.0605043E+01  2.9927366E-03  7.0000229E-01  2.9446602E-05  2.8000092E-01  3.4600113E-03  1.1200037E-03  9.6400316E-03
  6.0206607E+00 -1.6650952E+00  1.2029636E+01  3.7566651E+00  1.0631964E+01  3.6000722E-03  7.0000229E-01  2.9446602E-05  2.8000092E-01  3.4600113E-03  1.1200037E-03  9.6400316E-03
  6.0197994E+00 -1.6663951E+00  1.2003806E+01  3.7651465E+00  1.0657528E+01  4.2894472E-03  7.0000229E-01  2.9446602E-05  2.8000092E-01  3.4600113E-03  1.1200037E-03  9.6400316E-03
  6.0188764E+00 -1.6677880E+00  1.1979157E+01  3.7732464E+00  1.0681932E+01  5.0690645E-03  7.0000229E-01  2.9446602E-05  2.8000092E-01  3.4600113E-03  1.1200037E-03  9.6400316E-03
  6.0178880E+00 -1.6692798E+00  1.1955525E+01  3.7810161E+00  1.0705333E+01  5.9479102E-03  7.0000229E-01  2.9446602E-05  2.8000092E-01  3.4600113E-03  1.1200037E-03  9.6400316E-03
  6.0168300E+00 -1.6708765E+00  1.1932777E+01  3.7884977E+00  1.0727859E+01  6.9358101E-03  7.0000229E-01  2.9446602E-05  2.8000092E-01  3.4600113E-03  1.1200037E-03  9.6400316E-03
  6.0156979E+00 -1.6725850E+00  1.1910805E+01  3.7957261E+00  1.0749617E+01  8.0434760E-03  7.0000229E-01  2.9446602E-05  2.8000092E-01  3.4600113E-03  1.1200037E-03  9.6400316E-03
  6.0144871E+00 -1.6744122E+00  1.1889515E+01  3.8027304E+00  1.0770694E+01  9.2825657E-03  7.0000229E-01  2.9446602E-05  2.8000092E-01  3.4600113E-03  1.1200037E-03  9.6400316E-03
  6.0131927E+00 -1.6763657E+00  1.1868832E+01  3.8095355E+00  1.0791167E+01  1.0665739E-02  7.0000229E-01  2.9446602E-05  2.8000092E-01  3.4600113E-03  1.1200037E-03  9.6400316E-03
  6.0118092E+00 -1.6784535E+00  1.1848689E+01  3.8161622E+00  1.0811097E+01  1.2206706E-02  7.0000229E-01  2.9446602E-05  2.8000092E-01  3.4600113E-03  1.1200037E-03  9.6400316E-03
  6.0103312E+00 -1.6806840E+00  1.1829032E+01  3.8226287E+00  1.0830538E+01  1.3920292E-02  7.0000229E-01  2.9446602E-05  2.8000092E-01  3.4600113E-03  1.1200037E-03  9.6400316E-03
  6.0087488E+00 -1.6830719E+00  1.1809825E+01  3.8290257E+00  1.0849523E+01  1.5820805E-02  7.0000229E-01  2.9446602E-05  2.8000092E-01  3.4600113E-03  1.1200037E-03  9.6400316E-03
  6.0070582E+00 -1.6856232E+00  1.1791015E+01  3.8353047E+00  1.0868103E+01  1.7926484E-02  7.0000229E-01  2.9446602E-05  2.8000092E-01  3.4600113E-03  1.1200037E-03  9.6400316E-03
  6.0052535E+00 -1.6883465E+00  1.1772562E+01  3.8414568E+00  1.0886318E+01  2.0256172E-02  7.0000229E-01  2.9446602E-05  2.8000092E-01  3.4600113E-03  1.1200037E-03  9.6400316E-03
  6.0033278E+00 -1.6912524E+00  1.1754435E+01  3.8474931E+00  1.0904195E+01  2.2829554E-02  7.0000229E-01  2.9446602E-05  2.8000092E-01  3.4600113E-03  1.1200037E-03  9.6400316E-03
  6.0012739E+00 -1.6943518E+00  1.1736608E+01  3.8534234E+00  1.0921761E+01  2.5667631E-02  7.0000229E-01  2.9446602E-05  2.8000092E-01  3.4600113E-03  1.1200037E-03  9.6400316E-03
  5.9990839E+00 -1.6976565E+00  1.1719055E+01  3.8592560E+00  1.0939037E+01  2.8792707E-02  7.0000229E-01  2.9446602E-05  2.8000092E-01  3.4600113E-03  1.1200037E-03  9.6400316E-03
  5.9967498E+00 -1.7011785E+00  1.1701757E+01  3.8649987E+00  1.0956043E+01  3.2228410E-02  7.0000229E-01  2.9446602E-05  2.8000092E-01  3.4600113E-03  1.1200037E-03  9.6400316E-03
  5.9942633E+00 -1.7049306E+00  1.1684695E+01  3.8706579E+00  1.0972795E+01  3.5999670E-02  7.0000229E-01  2.9446602E-05  2.8000092E-01  3.4600113E-03  1.1200037E-03  9.6400316E-03
  5.9916154E+00 -1.7089259E+00  1.1667852E+01  3.8762396E+00  1.0989309E+01  4.0132677E-02  7.0000229E-01  2.9446602E-05  2.8000092E-01  3.4600113E-03  1.1200037E-03  9.6400316E-03
  5.9887972E+00 -1.7131784E+00  1.1651215E+01  3.8817491E+00  1.1005596E+01  4.4654819E-02  7.0000229E-01  2.9446602E-05  2.8000092E-01  3.4600113E-03  1.1200037E-03  9.6400316E-03
  5.9857989E+00 -1.7177024E+00  1.1634769E+01  3.8871911E+00  1.1021667E+01  4.9594595E-02  7.0000229E-01  2.9446602E-05  2.8000092E-01  3.4600113E-03  1.1200037E-03  9.6400316E-03
  5.9826108E+00 -1.7225128E+00  1.1618504E+01  3.8925701E+00  1.1037533E+01  5.4981504E-02  7.0000229E-01  2.9446602E-05  2.8000092E-01  3.4600113E-03  1.1200037E-03  9.6400316E-03
  5.9792226E+00 -1.7276250E+00  1.1602408E+01  3.8978898E+00  1.1053201E+01  6.0845888E-02  7.0000229E-01  2.9446602E-05  2.8000092E-01  3.4600113E-03  1.1200037E-03  9.6400316E-03
  5.9756238E+00 -1.7330549E+00  1.1586474E+01  3.9031539E+00  1.1068678E+01  6.7218748E-02  7.0000229E-01  2.9446602E-05  2.8000092E-01  3.4600113E-03  1.1200037E-03  9.6400316E-03
  5.9718034E+00 -1.7388190E+00  1.1570692E+01  3.9083658E+00  1.1083969E+01  7.4131521E-02  7.0000229E-01  2.9446602E-05  2.8000092E-01  3.4600113E-03  1.1200037E-03  9.6400316E-03
  5.9677503E+00 -1.7449341E+00  1.1555056E+01  3.9135285E+00  1.1099080E+01  8.1615794E-02  7.0000229E-01  2.9446602E-05  2.8000092E-01  3.4600113E-03  1.1200037E-03  9.6400316E-03
  5.9634530E+00 -1.7514176E+00  1.1539558E+01  3.9186450E+00  1.1114013E+01  8.9703024E-02  7.0000229E-01  2.9446602E-05  2.8000092E-01  3.4600113E-03  1.1200037E-03  9.6400316E-03
  5.9588998E+00 -1.7582870E+00  1.1524192E+01  3.9237180E+00  1.1128773E+01  9.8424166E-02  7.0000229E-01  2.9446602E-05  2.8000092E-01  3.4600113E-03  1.1200037E-03  9.6400316E-03
  5.9540788E+00 -1.7655604E+00  1.1508953E+01  3.9287504E+00  1.1143361E+01  1.0780928E-01  7.0000229E-01  2.9446602E-05  2.8000092E-01  3.4600113E-03  1.1200037E-03  9.6400316E-03
  5.9489778E+00 -1.7732559E+00  1.1493836E+01  3.9337448E+00  1.1157779E+01  1.1788707E-01  7.0000229E-01  2.9446602E-05  2.8000092E-01  3.4600113E-03  1.1200037E-03  9.6400316E-03
  5.9435847E+00 -1.7813921E+00  1.1478836E+01  3.9387037E+00  1.1172028E+01  1.2868441E-01  7.0000229E-01  2.9446602E-05  2.8000092E-01  3.4600113E-03  1.1200037E-03  9.6400316E-03
  5.9378872E+00 -1.7899874E+00  1.1463949E+01  3.9436297E+00  1.1186108E+01  1.4022586E-01  7.0000229E-01  2.9446602E-05  2.8000092E-01  3.4600113E-03  1.1200037E-03  9.6400316E-03
  5.9318729E+00 -1.7990605E+00  1.1449170E+01  3.9485253E+00  1.1200018E+01  1.5253305E-01  7.0000229E-01  2.9446602E-05  2.8000092E-01  3.4600113E-03  1.1200037E-03  9.6400316E-03
  5.9255295E+00 -1.8086299E+00  1.1434496E+01  3.9533930E+00  1.1213759E+01  1.6562413E-01  7.0000229E-01  2.9446602E-05  2.8000092E-01  3.4600113E-03  1.1200037E-03  9.6400316E-03
  5.9188359E+00 -1.8187274E+00  1.1419925E+01  3.9582535E+00  1.1227324E+01  1.7950499E-01  7.0000229E-01  2.9446602E-05  2.8000092E-01  3.4600113E-03  1.1200037E-03  9.6400316E-03
  5.9117809E+00 -1.8293699E+00  1.1405452E+01  3.9631031E+00  1.1240713E+01  1.9418440E-01  7.0000229E-01  2.9446602E-05  2.8000092E-01  3.4600113E-03  1.1200037E-03  9.6400316E-03
  5.9043596E+00 -1.8405649E+00  1.1391071E+01  3.9679293E+00  1.1253928E+01  2.0967223E-01  7.0000229E-01  2.9446602E-05  2.8000092E-01  3.4600113E-03  1.1200037E-03  9.6400316E-03
  5.8965605E+00 -1.8523296E+00  1.1376779E+01  3.9727355E+00  1.1266965E+01  2.2596658E-01  7.0000229E-01  2.9446602E-05  2.8000092E-01  3.4600113E-03  1.1200037E-03  9.6400316E-03
  5.8883726E+00 -1.8646808E+00  1.1362572E+01  3.9775251E+00  1.1279824E+01  2.4305926E-01  7.0000229E-01  2.9446602E-05  2.8000092E-01  3.4600113E-03  1.1200037E-03  9.6400316E-03
  5.8797851E+00 -1.8776346E+00  1.1348445E+01  3.9823018E+00  1.1292500E+01  2.6093529E-01  7.0000229E-01  2.9446602E-05  2.8000092E-01  3.4600113E-03  1.1200037E-03  9.6400316E-03
  5.8707880E+00 -1.8912060E+00  1.1334393E+01  3.9870696E+00  1.1304992E+01  2.7957268E-01  7.0000229E-01  2.9446602E-05  2.8000092E-01  3.4600113E-03  1.1200037E-03  9.6400316E-03
  5.8613720E+00 -1.9054095E+00  1.1320413E+01  3.9918329E+00  1.1317296E+01  2.9894199E-01  7.0000229E-01  2.9446602E-05  2.8000092E-01  3.4600113E-03  1.1200037E-03  9.6400316E-03
  5.8515282E+00 -1.9202580E+00  1.1306499E+01  3.9965965E+00  1.1329409E+01  3.1900634E-01  7.0000229E-01  2.9446602E-05  2.8000092E-01  3.4600113E-03  1.1200037E-03  9.6400316E-03
  5.8412487E+00 -1.9357638E+00  1.1292646E+01  4.0013656E+00  1.1341327E+01  3.3972122E-01  7.0000229E-01  2.9446602E-05  2.8000092E-01  3.4600113E-03  1.1200037E-03  9.6400316E-03
  5.8305265E+00 -1.9519375E+00  1.1278847E+01  4.0061460E+00  1.1353049E+01  3.6103469E-01  7.0000229E-01  2.9446602E-05  2.8000092E-01  3.4600113E-03  1.1200037E-03  9.6400316E-03
  5.8193555E+00 -1.9687884E+00  1.1265097E+01  4.0109438E+00  1.1364569E+01  3.8288760E-01  7.0000229E-01  2.9446602E-05  2.8000092E-01  3.4600113E-03  1.1200037E-03  9.6400316E-03
  5.8077306E+00 -1.9863245E+00  1.1251389E+01  4.0157659E+00  1.1375885E+01  4.0521402E-01  7.0000229E-01  2.9446602E-05  2.8000092E-01  3.4600113E-03  1.1200037E-03  9.6400316E-03
  5.7956477E+00 -2.0045520E+00  1.1237717E+01  4.0206194E+00  1.1386994E+01  4.2794167E-01  7.0000229E-01  2.9446602E-05  2.8000092E-01  3.4600113E-03  1.1200037E-03  9.6400316E-03
  5.7831040E+00 -2.0234757E+00  1.1224072E+01  4.0255117E+00  1.1397892E+01  4.5099275E-01  7.0000229E-01  2.9446602E-05  2.8000092E-01  3.4600113E-03  1.1200037E-03  9.6400316E-03
  5.7700978E+00 -2.0430984E+00  1.1210447E+01  4.0304504E+00  1.1408577E+01  4.7428472E-01  7.0000229E-01  2.9446602E-05  2.8000092E-01  3.4600113E-03  1.1200037E-03  9.6400316E-03
  5.7566285E+00 -2.0634215E+00  1.1196834E+01  4.0354430E+00  1.1419045E+01  4.9773123E-01  7.0000229E-01  2.9446602E-05  2.8000092E-01  3.4600113E-03  1.1200037E-03  9.6400316E-03
  5.7426970E+00 -2.0844442E+00  1.1183223E+01  4.0404968E+00  1.1429293E+01  5.2124323E-01  7.0000229E-01  2.9446602E-05  2.8000092E-01  3.4600113E-03  1.1200037E-03  9.6400316E-03
  5.7283054E+00 -2.1061640E+00  1.1169607E+01  4.0456189E+00  1.1439319E+01  5.4473003E-01  7.0000229E-01  2.9446602E-05  2.8000092E-01  3.4600113E-03  1.1200037E-03  9.6400316E-03
  5.7134570E+00 -2.1285764E+00  1.1155974E+01  4.0508160E+00  1.1449120E+01  5.6810062E-01  7.0000229E-01  2.9446602E-05  2.8000092E-01  3.4600113E-03  1.1200037E-03  9.6400316E-03
  5.6981564E+00 -2.1516750E+00  1.1142315E+01  4.0560946E+00  1.1458694E+01  5.9126471E-01  7.0000229E-01  2.9446602E-05  2.8000092E-01  3.4600113E-03  1.1200037E-03  9.6400316E-03
  5.6824096E+00 -2.1754515E+00  1.1128620E+01  4.0614613E+00  1.1468039E+01  6.1413412E-01  7.0000229E-01  2.9446602E-05  2.8000092E-01  3.4600113E-03  1.1200037E-03  9.6400316E-03
  5.6662239E+00 -2.1998956E+00  1.1114878E+01  4.0669226E+00  1.1477153E+01  6.3662387E-01  7.0000229E-01  2.9446602E-05  2.8000092E-01  3.4600113E-03  1.1200037E-03  9.6400316E-03
  5.6496077E+00 -2.2249955E+00  1.1101078E+01  4.0724851E+00  1.1486035E+01  6.5865323E-01  7.0000229E-01  2.9446602E-05  2.8000092E-01  3.4600113E-03  1.1200037E-03  9.6400316E-03
  5.6325650E+00 -2.2507462E+00  1.1087208E+01  4.0781576E+00  1.1494680E+01  6.8012899E-01  7.0000229E-01  2.9446602E-05  2.8000092E-01  3.4600113E-03  1.1200037E-03  9.6400316E-03
  5.6151006E+00 -2.2771419E+00  1.1073255E+01  4.0839492E+00  1.1503083E+01  7.0096077E-01  7.0000229E-01  2.9446602E-05  2.8000092E-01  3.4600113E-03  1.1200037E-03  9.6400316E-03
  5.5972397E+00 -2.3041455E+00  1.1059208E+01  4.0898600E+00  1.1511250E+01  7.2112596E-01  7.0000229E-01  2.9446602E-05  2.8000092E-01  3.4600113E-03  1.1200037E-03  9.6400316E-03
  5.5789957E+00 -2.3317385E+00  1.1045059E+01  4.0958955E+00  1.1519183E+01  7.4057080E-01  7.0000229E-01  2.9446602E-05  2.8000092E-01  3.4600113E-03  1.1200037E-03  9.6400316E-03
  5.5603829E+00 -2.3599013E+00  1.1030795E+01  4.1020602E+00  1.1526880E+01  7.5924959E-01  7.0000229E-01  2.9446602E-05  2.8000092E-01  3.4600113E-03  1.1200037E-03  9.6400316E-03
  5.5414166E+00 -2.3886130E+00  1.1016406E+01  4.1083581E+00  1.1534342E+01  7.7712486E-01  7.0000229E-01  2.9446602E-05  2.8000092E-01  3.4600113E-03  1.1200037E-03  9.6400316E-03
  5.5221133E+00 -2.4178520E+00  1.1001883E+01  4.1147921E+00  1.1541570E+01  7.9416752E-01  7.0000229E-01  2.9446602E-05  2.8000092E-01  3.4600113E-03  1.1200037E-03  9.6400316E-03
  5.5024901E+00 -2.4475959E+00  1.0987215E+01  4.1213640E+00  1.1548566E+01  8.1035675E-01  7.0000229E-01  2.9446602E-05  2.8000092E-01  3.4600113E-03  1.1200037E-03  9.6400316E-03
  5.4825653E+00 -2.4778218E+00  1.0972394E+01  4.1280750E+00  1.1555331E+01  8.2567984E-01  7.0000229E-01  2.9446602E-05  2.8000092E-01  3.4600113E-03  1.1200037E-03  9.6400316E-03
  5.4623578E+00 -2.5085067E+00  1.0957413E+01  4.1349249E+00  1.1561866E+01  8.4013179E-01  7.0000229E-01  2.9446602E-05  2.8000092E-01  3.4600113E-03  1.1200037E-03  9.6400316E-03
  5.4418877E+00 -2.5396276E+00  1.0942264E+01  4.1419119E+00  1.1568175E+01  8.5371487E-01  7.0000229E-01  2.9446602E-05  2.8000092E-01  3.4600113E-03  1.1200037E-03  9.6400316E-03
  5.4211759E+00 -2.5711618E+00  1.0926943E+01  4.1490320E+00  1.1574260E+01  8.6643806E-01  7.0000229E-01  2.9446602E-05  2.8000092E-01  3.4600113E-03  1.1200037E-03  9.6400316E-03
  5.4002445E+00 -2.6030871E+00  1.0911446E+01  4.1562782E+00  1.1580124E+01  8.7831645E-01  7.0000229E-01  2.9446602E-05  2.8000092E-01  3.4600113E-03  1.1200037E-03  9.6400316E-03
  5.3791167E+00 -2.6353823E+00  1.0895769E+01  4.1636401E+00  1.1585770E+01  8.8937051E-01  7.0000229E-01  2.9446602E-05  2.8000092E-01  3.4600113E-03  1.1200037E-03  9.6400316E-03
  5.3578170E+00 -2.6680273E+00  1.0879914E+01  4.1711061E+00  1.1591203E+01  8.9962538E-01  7.0000229E-01  2.9446602E-05  2.8000092E-01  3.4600113E-03  1.1200037E-03  9.6400316E-03
  5.3363720E+00 -2.7010040E+00  1.0863881E+01  4.1786665E+00  1.1596426E+01  9.0911012E-01  7.0000229E-01  2.9446602E-05  2.8000092E-01  3.4600113E-03  1.1200037E-03  9.6400316E-03
  5.3148101E+00 -2.7342976E+00  1.0847676E+01  4.1863179E+00  1.1601444E+01  9.1785691E-01  7.0000229E-01  2.9446602E-05  2.8000092E-01  3.4600113E-03  1.1200037E-03  9.6400316E-03
  5.2931628E+00 -2.7678976E+00  1.0831310E+01  4.1940616E+00  1.1606262E+01  9.2590035E-01  7.0000229E-01  2.9446602E-05  2.8000092E-01  3.4600113E-03  1.1200037E-03  9.6400316E-03
  5.2714644E+00 -2.8017985E+00  1.0814796E+01  4.2018932E+00  1.1610885E+01  9.3327684E-01  7.0000229E-01  2.9446602E-05  2.8000092E-01  3.4600113E-03  1.1200037E-03  9.6400316E-03
  5.2497525E+00 -2.8359997E+00  1.0798154E+01  4.2097882E+00  1.1615318E+01  9.4002398E-01  7.0000229E-01  2.9446602E-05  2.8000092E-01  3.4600113E-03  1.1200037E-03  9.6400316E-03
  5.2280679E+00 -2.8705044E+00  1.0781407E+01  4.2177006E+00  1.1619566E+01  9.4618012E-01  7.0000229E-01  2.9446602E-05  2.8000092E-01  3.4600113E-03  1.1200037E-03  9.6400316E-03
  5.2064540E+00 -2.9053185E+00  1.0764580E+01  4.2255776E+00  1.1623637E+01  9.5178387E-01  7.0000229E-01  2.9446602E-05  2.8000092E-01  3.4600113E-03  1.1200037E-03  9.6400316E-03
  5.1849556E+00 -2.9404508E+00  1.0747700E+01  4.2333796E+00  1.1627535E+01  9.5687352E-01  7.0000229E-01  2.9446602E-05  2.8000092E-01  3.4600113E-03  1.1200037E-03  9.6400316E-03
  5.1636185E+00 -2.9759132E+00  1.0730800E+01  4.2410921E+00  1.1631269E+01  9.6148664E-01  7.0000229E-01  2.9446602E-05  2.8000092E-01  3.4600113E-03  1.1200037E-03  9.6400316E-03
  5.1424861E+00 -3.0117195E+00  1.0713908E+01  4.2487308E+00  1.1634844E+01  9.6565963E-01  7.0000229E-01  2.9446602E-05  2.8000092E-01  3.4600113E-03  1.1200037E-03  9.6400316E-03
  5.1216082E+00 -3.0479085E+00  1.0697064E+01  4.2563559E+00  1.1638262E+01  9.6941200E-01  7.0000229E-01  2.9446602E-05  2.8000092E-01  3.4600113E-03  1.1200037E-03  9.6400316E-03
  5.1010058E+00 -3.0844684E+00  1.0680290E+01  4.2640336E+00  1.1641536E+01  9.7279397E-01  7.0000229E-01  2.9446602E-05  2.8000092E-01  3.4600113E-03  1.1200037E-03  9.6400316E-03
  5.0806924E+00 -3.1213961E+00  1.0663600E+01  4.2718667E+00  1.1644672E+01  9.7583841E-01  7.0000229E-01  2.9446602E-05  2.8000092E-01  3.4600113E-03  1.1200037E-03  9.6400316E-03
  5.0606658E+00 -3.1586789E+00  1.0647000E+01  4.2799802E+00  1.1647676E+01  9.7857462E-01  7.0000229E-01  2.9446602E-05  2.8000092E-01  3.4600113E-03  1.1200037E-03  9.6400316E-03
  5.0409057E+00 -3.1962894E+00  1.0630483E+01  4.2885100E+00  1.1650556E+01  9.8103000E-01  7.0000229E-01  2.9446602E-05  2.8000092E-01  3.4600113E-03  1.1200037E-03  9.6400316E-03
  5.0213728E+00 -3.2341838E+00  1.0614024E+01  4.2975901E+00  1.1653315E+01  9.8323007E-01  7.0000229E-01  2.9446602E-05  2.8000092E-01  3.4600113E-03  1.1200037E-03  9.6400316E-03
  5.0020112E+00 -3.2723024E+00  1.0597586E+01  4.3073394E+00  1.1655959E+01  9.8519849E-01  7.0000229E-01  2.9446602E-05  2.8000092E-01  3.4600113E-03  1.1200037E-03  9.6400316E-03
  4.9827502E+00 -3.3105704E+00  1.0581118E+01  4.3178466E+00  1.1658493E+01  9.8695715E-01  7.0000229E-01  2.9446602E-05  2.8000092E-01  3.4600113E-03  1.1200037E-03  9.6400316E-03
  4.9635092E+00 -3.3489012E+00  1.0564559E+01  4.3291554E+00  1.1660920E+01  9.8852625E-01  7.0000229E-01  2.9446602E-05  2.8000092E-01  3.4600113E-03  1.1200037E-03  9.6400316E-03
  4.9442027E+00 -3.3872003E+00  1.0547839E+01  4.3412481E+00  1.1663243E+01  9.8992437E-01  7.0000229E-01  2.9446602E-05  2.8000092E-01  3.4600113E-03  1.1200037E-03  9.6400316E-03
  4.9247485E+00 -3.4253720E+00  1.0530891E+01  4.3540312E+00  1.1665465E+01  9.9116856E-01  7.0000229E-01  2.9446602E-05  2.8000092E-01  3.4600113E-03  1.1200037E-03  9.6400316E-03
  4.9050764E+00 -3.4633277E+00  1.0513651E+01  4.3673268E+00  1.1667589E+01  9.9227448E-01  7.0000229E-01  2.9446602E-05  2.8000092E-01  3.4600113E-03  1.1200037E-03  9.6400316E-03
  4.8851389E+00 -3.5009960E+00  1.0496070E+01  4.3808793E+00  1.1669617E+01  9.9325645E-01  7.0000229E-01  2.9446602E-05  2.8000092E-01  3.4600113E-03  1.1200037E-03  9.6400316E-03
  4.8649200E+00 -3.5383330E+00  1.0478125E+01  4.3943845E+00  1.1671552E+01  9.9412757E-01  7.0000229E-01  2.9446602E-05  2.8000092E-01  3.4600113E-03  1.1200037E-03  9.6400316E-03
  4.8444410E+00 -3.5753302E+00  1.0459819E+01  4.4075370E+00  1.1673396E+01  9.9489979E-01  7.0000229E-01  2.9446602E-05  2.8000092E-01  3.4600113E-03  1.1200037E-03  9.6400316E-03
  4.8237599E+00 -3.6120166E+00  1.0441189E+01  4.4200833E+00  1.1675152E+01  9.9558395E-01  7.0000229E-01  2.9446602E-05  2.8000092E-01  3.4600113E-03  1.1200037E-03  9.6400316E-03
  4.8029647E+00 -3.6484553E+00  1.0422297E+01  4.4318568E+00  1.1676825E+01  9.9618985E-01  7.0000229E-01  2.9446602E-05  2.8000092E-01  3.4600113E-03  1.1200037E-03  9.6400316E-03
  4.7821619E+00 -3.6847350E+00  1.0403225E+01  4.4427859E+00  1.1678417E+01  9.9672631E-01  7.0000229E-01  2.9446602E-05  2.8000092E-01  3.4600113E-03  1.1200037E-03  9.6400316E-03
  4.7614656E+00 -3.7209588E+00  1.0384065E+01  4.4528772E+00  1.1679933E+01  9.9720121E-01  7.0000229E-01  2.9446602E-05  2.8000092E-01  3.4600113E-03  1.1200037E-03  9.6400316E-03
  4.7409876E+00 -3.7572355E+00  1.0364911E+01  4.4621887E+00  1.1681377E+01  9.9762156E-01  7.0000229E-01  2.9446602E-05  2.8000092E-01  3.4600113E-03  1.1200037E-03  9.6400316E-03
  4.7208313E+00 -3.7936724E+00  1.0345853E+01  4.4708056E+00  1.1682753E+01  9.9799359E-01  7.0000229E-01  2.9446602E-05  2.8000092E-01  3.4600113E-03  1.1200037E-03  9.6400316E-03
  4.7010880E+00 -3.8303707E+00  1.0326975E+01  4.4788266E+00  1.1684066E+01  9.9832283E-01  7.0000229E-01  2.9446602E-05  2.8000092E-01  3.4600113E-03  1.1200037E-03  9.6400316E-03
  4.6818342E+00 -3.8674221E+00  1.0308352E+01  4.4863607E+00  1.1685320E+01  9.9861417E-01  7.0000229E-01  2.9446602E-05  2.8000092E-01  3.4600113E-03  1.1200037E-03  9.6400316E-03
  4.6631295E+00 -3.9049050E+00  1.0290047E+01  4.4935307E+00  1.1686519E+01  9.9887191E-01  7.0000229E-01  2.9446602E-05  2.8000092E-01  3.4600113E-03  1.1200037E-03  9.6400316E-03
  4.6450253E+00 -3.9429024E+00  1.0272121E+01  4.5004893E+00  1.1687666E+01  9.9909944E-01  7.0000229E-01  2.9446602E-05  2.8000092E-01  3.4600113E-03  1.1200037E-03  9.6400316E-03
  4.6275476E+00 -3.9814713E+00  1.0254613E+01  4.5074007E+00  1.1688764E+01  9.9930006E-01  7.0000229E-01  2.9446602E-05  2.8000092E-01  3.4600113E-03  1.1200037E-03  9.6400316E-03
  4.6106789E+00 -4.0205971E+00  1.0237520E+01  4.5144032E+00  1.1689818E+01  9.9947750E-01  7.0000229E-01  2.9446602E-05  2.8000092E-01  3.4600113E-03  1.1200037E-03  9.6400316E-03
  4.5944004E+00 -4.0602762E+00  1.0220837E+01  4.5216426E+00  1.1690831E+01  9.9963438E-01  7.0000229E-01  2.9446602E-05  2.8000092E-01  3.4600113E-03  1.1200037E-03  9.6400316E-03
  4.5786801E+00 -4.1004884E+00  1.0204551E+01  4.5292399E+00  1.1691805E+01  9.9977300E-01  7.0000229E-01  2.9446602E-05  2.8000092E-01  3.4600113E-03  1.1200037E-03  9.6400316E-03
  4.5634773E+00 -4.1412012E+00  1.0188634E+01  4.5372819E+00  1.1692743E+01  9.9989542E-01  7.0000229E-01  2.9446602E-05  2.8000092E-01  3.4600113E-03  1.1200037E-03  9.6400316E-03
  4.5487470E+00 -4.1823740E+00  1.0173058E+01  4.5458168E+00  1.1693646E+01  1.0000035E+00  7.0000229E-01  2.9446602E-05  2.8000092E-01  3.4600113E-03  1.1200037E-03  9.6400316E-03
  4.5344435E+00 -4.2239628E+00  1.0157787E+01  4.5548540E+00  1.1694517E+01  1.0000988E+00  7.0000229E-01  2.9446602E-05  2.8000092E-01  3.4600113E-03  1.1200037E-03  9.6400316E-03
  4.5205239E+00 -4.2659241E+00  1.0142789E+01  4.5643691E+00  1.1695358E+01  1.0001828E+00  7.0000229E-01  2.9446602E-05  2.8000092E-01  3.4600113E-03  1.1200037E-03  9.6400316E-03
  4.5069501E+00 -4.3082174E+00  1.0128032E+01  4.5743093E+00  1.1696169E+01  1.0002568E+00  7.0000229E-01  2.9446602E-05  2.8000092E-01  3.4600113E-03  1.1200037E-03  9.6400316E-03
  4.4936907E+00 -4.3508082E+00  1.0113490E+01  4.5846025E+00  1.1696952E+01  1.0003220E+00  7.0000229E-01  2.9446602E-05  2.8000092E-01  3.4600113E-03  1.1200037E-03  9.6400316E-03
  4.4807214E+00 -4.3936693E+00  1.0099141E+01  4.5951655E+00  1.1697709E+01  1.0003794E+00  7.0000229E-01  2.9446602E-05  2.8000092E-01  3.4600113E-03  1.1200037E-03  9.6400316E-03
  4.4680252E+00 -4.4367815E+00  1.0084970E+01  4.6059144E+00  1.1698441E+01  1.0004300E+00  7.0000229E-01  2.9446602E-05  2.8000092E-01  3.4600113E-03  1.1200037E-03  9.6400316E-03
  4.4555915E+00 -4.4801330E+00  1.0070967E+01  4.6167738E+00  1.1699148E+01  1.0004744E+00  7.0000229E-01  2.9446602E-05  2.8000092E-01  3.4600113E-03  1.1200037E-03  9.6400316E-03
  4.4434151E+00 -4.5237196E+00  1.0057129E+01  4.6276845E+00  1.1699832E+01  1.0005135E+00  7.0000229E-01  2.9446602E-05  2.8000092E-01  3.4600113E-03  1.1200037E-03  9.6400316E-03
  4.4314944E+00 -4.5675418E+00  1.0043455E+01  4.6386079E+00  1.1700495E+01  1.0005479E+00  7.0000229E-01  2.9446602E-05  2.8000092E-01  3.4600113E-03  1.1200037E-03  9.6400316E-03
  4.4198299E+00 -4.6116042E+00  1.0029948E+01  4.6495270E+00  1.1701136E+01  1.0005781E+00  7.0000229E-01  2.9446602E-05  2.8000092E-01  3.4600113E-03  1.1200037E-03  9.6400316E-03
  4.4084223E+00 -4.6559127E+00  1.0016611E+01  4.6604442E+00  1.1701758E+01  1.0006046E+00  7.0000229E-01  2.9446602E-05  2.8000092E-01  3.4600113E-03  1.1200037E-03  9.6400316E-03
  4.3972716E+00 -4.7004734E+00  1.0003450E+01  4.6713760E+00  1.1702361E+01  1.0006280E+00  7.0000229E-01  2.9446602E-05  2.8000092E-01  3.4600113E-03  1.1200037E-03  9.6400316E-03
  4.3863763E+00 -4.7452909E+00  9.9904661E+00  4.6823479E+00  1.1702945E+01  1.0006485E+00  7.0000229E-01  2.9446602E-05  2.8000092E-01  3.4600113E-03  1.1200037E-03  9.6400316E-03
  4.3757330E+00 -4.7903676E+00  9.9776622E+00  4.6933886E+00  1.1703512E+01  1.0006665E+00  7.0000229E-01  2.9446602E-05  2.8000092E-01  3.4600113E-03  1.1200037E-03  9.6400316E-03
  4.3653362E+00 -4.8357037E+00  9.9650381E+00  4.7045263E+00  1.1704063E+01  1.0006823E+00  7.0000229E-01  2.9446602E-05  2.8000092E-01  3.4600113E-03  1.1200037E-03  9.6400316E-03
  4.3551788E+00 -4.8812964E+00  9.9525918E+00  4.7157860E+00  1.1704598E+01  1.0006962E+00  7.0000229E-01  2.9446602E-05  2.8000092E-01  3.4600113E-03  1.1200037E-03  9.6400316E-03
  4.3452525E+00 -4.9271412E+00  9.9403201E+00  4.7271878E+00  1.1705118E+01  1.0007083E+00  7.0000229E-01  2.9446602E-05  2.8000092E-01  3.4600113E-03  1.1200037E-03  9.6400316E-03
  4.3355478E+00 -4.9732312E+00  9.9282181E+00  4.7387469E+00  1.1705623E+01  1.0007190E+00  7.0000229E-01  2.9446602E-05  2.8000092E-01  3.4600113E-03  1.1200037E-03  9.6400316E-03
  4.3260591E+00 -5.0195841E+00  9.9162904E+00  4.7504850E+00  1.1706114E+01  1.0007283E+00  7.0000229E-01  2.9446602E-05  2.8000092E-01  3.4600113E-03  1.1200037E-03  9.6400316E-03
  4.3167750E+00 -5.0661869E+00  9.9045282E+00  4.7624062E+00  1.1706592E+01  1.0007365E+00  7.0000229E-01  2.9446602E-05  2.8000092E-01  3.4600113E-03  1.1200037E-03  9.6400316E-03
  4.3076806E+00 -5.1130063E+00  9.8929151E+00  4.7745025E+00  1.1707057E+01  1.0007437E+00  7.0000229E-01  2.9446602E-05  2.8000092E-01  3.4600113E-03  1.1200037E-03  9.6400316E-03
  4.2987657E+00 -5.1600318E+00  9.8814435E+00  4.7867736E+00  1.1707509E+01  1.0007500E+00  7.0000229E-01  2.9446602E-05  2.8000092E-01  3.4600113E-03  1.1200037E-03  9.6400316E-03
  4.2900202E+00 -5.2072523E+00  9.8701056E+00  4.7992171E+00  1.1707950E+01  1.0007555E+00  7.0000229E-01  2.9446602E-05  2.8000092E-01  3.4600113E-03  1.1200037E-03  9.6400316E-03
  4.2814343E+00 -5.2546568E+00  9.8588937E+00  4.8118292E+00  1.1708379E+01  1.0007603E+00  7.0000229E-01  2.9446602E-05  2.8000092E-01  3.4600113E-03  1.1200037E-03  9.6400316E-03
  4.2729986E+00 -5.3022342E+00  9.8477997E+00  4.8246048E+00  1.1708798E+01  1.0007645E+00  7.0000229E-01  2.9446602E-05  2.8000092E-01  3.4600113E-03  1.1200037E-03  9.6400316E-03
  4.2647041E+00 -5.3499735E+00  9.8368157E+00  4.8375382E+00  1.1709206E+01  1.0007682E+00  7.0000229E-01  2.9446602E-05  2.8000092E-01  3.4600113E-03  1.1200037E-03  9.6400316E-03
  4.2565419E+00 -5.3978636E+00  9.8259337E+00  4.8506232E+00  1.1709603E+01  1.0007715E+00  7.0000229E-01  2.9446602E-05  2.8000092E-01  3.4600113E-03  1.1200037E-03  9.6400316E-03
  4.2485038E+00 -5.4458935E+00  9.8151459E+00  4.8638532E+00  1.1709991E+01  1.0007743E+00  7.0000229E-01  2.9446602E-05  2.8000092E-01  3.4600113E-03  1.1200037E-03  9.6400316E-03
  4.2405816E+00 -5.4940522E+00  9.8044442E+00  4.8772217E+00  1.1710369E+01  1.0007768E+00  7.0000229E-01  2.9446602E-05  2.8000092E-01  3.4600113E-03  1.1200037E-03  9.6400316E-03
  4.2327675E+00 -5.5423287E+00  9.7938206E+00  4.8907223E+00  1.1710738E+01  1.0007790E+00  7.0000229E-01  2.9446602E-05  2.8000092E-01  3.4600113E-03  1.1200037E-03  9.6400316E-03
  4.2250538E+00 -5.5907116E+00  9.7832669E+00  4.9043483E+00  1.1711099E+01  1.0007809E+00  7.0000229E-01  2.9446602E-05  2.8000092E-01  3.4600113E-03  1.1200037E-03  9.6400316E-03
  4.2174333E+00 -5.6391898E+00  9.7727748E+00  4.9180936E+00  1.1711450E+01  1.0007825E+00  7.0000229E-01  2.9446602E-05  2.8000092E-01  3.4600113E-03  1.1200037E-03  9.6400316E-03
  4.2098984E+00 -5.6877515E+00  9.7623358E+00  4.9319521E+00  1.1711793E+01  1.0007840E+00  7.0000229E-01  2.9446602E-05  2.8000092E-01  3.4600113E-03  1.1200037E-03  9.6400316E-03
  4.2024421E+00 -5.7363849E+00  9.7519411E+00  4.9459178E+00  1.1712127E+01  1.0007853E+00  7.0000229E-01  2.9446602E-05  2.8000092E-01  3.4600113E-03  1.1200037E-03  9.6400316E-03
  4.1950571E+00 -5.7850777E+00  9.7415816E+00  4.9599853E+00  1.1712454E+01  1.0007864E+00  7.0000229E-01  2.9446602E-05  2.8000092E-01  3.4600113E-03  1.1200037E-03  9.6400316E-03
  4.1877359E+00 -5.8338168E+00  9.7312478E+00  4.9741490E+00  1.1712773E+01  1.0007873E+00  7.0000229E-01  2.9446602E-05  2.8000092E-01  3.4600113E-03  1.1200037E-03  9.6400316E-03
  4.1804713E+00 -5.8825888E+00  9.7209296E+00  4.9884039E+00  1.1713084E+01  1.0007882E+00  7.0000229E-01  2.9446602E-05  2.8000092E-01  3.4600113E-03  1.1200037E-03  9.6400316E-03
  4.1732556E+00 -5.9313793E+00  9.7106166E+00  5.0027453E+00  1.1713388E+01  1.0007889E+00  7.0000229E-01  2.9446602E-05  2.8000092E-01  3.4600113E-03  1.1200037E-03  9.6400316E-03
  4.1660808E+00 -5.9801731E+00  9.7002974E+00  5.0171685E+00  1.1713685E+01  1.0007896E+00  7.0000229E-01  2.9446602E-05  2.8000092E-01  3.4600113E-03  1.1200037E-03  9.6400316E-03
  4.1589387E+00 -6.0289536E+00  9.6899598E+00  5.0316695E+00  1.1713975E+01  1.0007902E+00  7.0000229E-01  2.9446602E-05  2.8000092E-01  3.4600113E-03  1.1200037E-03  9.6400316E-03
  4.1518203E+00 -6.0777031E+00  9.6795909E+00  5.0462444E+00  1.1714258E+01  1.0007906E+00  7.0000229E-01  2.9446602E-05  2.8000092E-01  3.4600113E-03  1.1200037E-03  9.6400316E-03
  4.1447162E+00 -6.1264023E+00  9.6691765E+00  5.0608900E+00  1.1714534E+01  1.0007911E+00  7.0000229E-01  2.9446602E-05  2.8000092E-01  3.4600113E-03  1.1200037E-03  9.6400316E-03
  4.1376160E+00 -6.1750300E+00  9.6587012E+00  5.0756032E+00  1.1714803E+01  1.0007915E+00  7.0000229E-01  2.9446602E-05  2.8000092E-01  3.4600113E-03  1.1200037E-03  9.6400316E-03
  4.1305086E+00 -6.2235627E+00  9.6481480E+00  5.0903819E+00  1.1715066E+01  1.0007918E+00  7.0000229E-01  2.9446602E-05  2.8000092E-01  3.4600113E-03  1.1200037E-03  9.6400316E-03
  4.1233814E+00 -6.2719744E+00  9.6374983E+00  5.1052247E+00  1.1715323E+01  1.0007921E+00  7.0000229E-01  2.9446602E-05  2.8000092E-01  3.4600113E-03  1.1200037E-03  9.6400316E-03
  4.1162193E+00 -6.3202590E+00  9.6267308E+00  5.1201382E+00  1.1715573E+01  1.0007923E+00  7.0000229E-01  2.9446602E-05  2.8000092E-01  3.4600113E-03  1.1200037E-03  9.6400316E-03
  4.1090057E+00 -6.3683774E+00  9.6158204E+00  5.1351212E+00  1.1715817E+01  1.0007925E+00  7.0000229E-01  2.9446602E-05  2.8000092E-01  3.4600113E-03  1.1200037E-03  9.6400316E-03
  4.1017227E+00 -6.4162764E+00  9.6047405E+00  5.1501714E+00  1.1716054E+01  1.0007927E+00  7.0000229E-01  2.9446602E-05  2.8000092E-01  3.4600113E-03  1.1200037E-03  9.6400316E-03
  4.0943486E+00 -6.4639130E+00  9.5934608E+00  5.1652935E+00  1.1716286E+01  1.0007929E+00  7.0000229E-01  2.9446602E-05  2.8000092E-01  3.4600113E-03  1.1200037E-03  9.6400316E-03
  4.0868580E+00 -6.5112376E+00  9.5819468E+00  5.1804954E+00  1.1716512E+01  1.0007930E+00  7.0000229E-01  2.9446602E-05  2.8000092E-01  3.4600113E-03  1.1200037E-03  9.6400316E-03
  4.0792203E+00 -6.5581917E+00  9.5701581E+00  5.1957892E+00  1.1716732E+01  1.0007932E+00  7.0000229E-01  2.9446602E-05  2.8000092E-01  3.4600113E-03  1.1200037E-03  9.6400316E-03
  4.0713983E+00 -6.6047052E+00  9.5580472E+00  5.2111924E+00  1.1716946E+01  1.0007933E+00  7.0000229E-01  2.9446602E-05  2.8000092E-01  3.4600113E-03  1.1200037E-03  9.6400316E-03
  4.0633459E+00 -6.6506927E+00  9.5455570E+00  5.2267309E+00  1.1717154E+01  1.0007934E+00  7.0000229E-01  2.9446602E-05  2.8000092E-01  3.4600113E-03  1.1200037E-03  9.6400316E-03
  4.0550044E+00 -6.6960478E+00  9.5326174E+00  5.2424419E+00  1.1717357E+01  1.0007935E+00  7.0000229E-01  2.9446602E-05  2.8000092E-01  3.4600113E-03  1.1200037E-03  9.6400316E-03
  4.0462973E+00 -6.7406332E+00  9.5191398E+00  5.2583797E+00  1.1717554E+01  1.0007935E+00  7.0000229E-01  2.9446602E-05  2.8000092E-01  3.4600113E-03  1.1200037E-03  9.6400316E-03
