 1.19599E-02 -2.39198E-02 -3.02547E+01 -2.94860E+01
-2.39198E-02 -1.48010E-02 -2.94860E+01 -2.87231E+01
-1.48010E-02 -1.77390E-02 -2.87231E+01 -2.79637E+01
-1.77390E-02 -1.74423E-02 -2.79637E+01 -2.72086E+01
-1.74423E-02 -1.80040E-02 -2.72086E+01 -2.64576E+01
-1.80040E-02 -1.83218E-02 -2.64576E+01 -2.57110E+01
-1.83218E-02 -1.86847E-02 -2.57110E+01 -2.49688E+01
-1.86847E-02 -1.90073E-02 -2.49688E+01 -2.42310E+01
-1.90073E-02 -1.93026E-02 -2.42310E+01 -2.34978E+01
-1.93026E-02 -1.95555E-02 -2.34978E+01 -2.27693E+01
-1.95555E-02 -1.97557E-02 -2.27693E+01 -2.20454E+01
-1.97557E-02 -1.98886E-02 -2.20454E+01 -2.13263E+01
-1.98886E-02 -1.99373E-02 -2.13263E+01 -2.06120E+01
-1.99373E-02 -1.98810E-02 -2.06120E+01 -1.99024E+01
-1.98810E-02 -1.96948E-02 -1.99024E+01 -1.91976E+01
-1.96948E-02 -1.93486E-02 -1.91976E+01 -1.84975E+01
-1.93486E-02 -1.88059E-02 -1.84975E+01 -1.78021E+01
-1.88059E-02 -1.80227E-02 -1.78021E+01 -1.71112E+01
-1.80227E-02 -1.69459E-02 -1.71112E+01 -1.64246E+01
-1.69459E-02 -1.55109E-02 -1.64246E+01 -1.57421E+01
-1.55109E-02 -1.36394E-02 -1.57421E+01 -1.50633E+01
-1.36394E-02 -1.12361E-02 -1.50633E+01 -1.43878E+01
-1.12361E-02 -8.18466E-03 -1.43878E+01 -1.37150E+01
-8.18466E-03 -4.34258E-03 -1.37150E+01 -1.30441E+01
-4.34258E-03  4.65253E-04 -1.30441E+01 -1.23743E+01
 4.65253E-04  6.45493E-03 -1.23743E+01 -1.17044E+01
 6.45493E-03  1.38941E-02 -1.17044E+01 -1.10329E+01
 1.38941E-02  2.31151E-02 -1.10329E+01 -1.03581E+01
 2.31151E-02  3.45317E-02 -1.03581E+01 -9.67777E+00
 3.45317E-02  4.86585E-02 -9.67777E+00 -8.98913E+00
 4.86585E-02  6.61321E-02 -8.98913E+00 -8.28881E+00
 6.61321E-02  8.77309E-02 -8.28881E+00 -7.57261E+00
 8.77309E-02  1.14383E-01 -7.57261E+00 -6.83537E+00
 1.14383E-01  1.47142E-01 -6.83537E+00 -6.07066E+00
 1.47142E-01  1.87092E-01 -6.07066E+00 -5.27065E+00
 1.87092E-01  2.35096E-01 -5.27065E+00 -4.42573E+00
 2.35096E-01  2.91268E-01 -4.42573E+00 -3.52439E+00
 2.91268E-01  3.53977E-01 -3.52439E+00 -2.55315E+00
 3.53977E-01  4.18217E-01 -2.55315E+00 -1.49695E+00
 4.18217E-01  4.73499E-01 -1.49695E+00 -3.40379E-01
 4.73499E-01  5.02343E-01 -3.40379E-01  9.29832E-01
 5.02343E-01  4.82140E-01  9.29832E-01  2.32060E+00
 4.82140E-01  3.92303E-01  2.32060E+00  3.82709E+00
 3.92303E-01  2.20401E-01  3.82709E+00  5.42773E+00
 2.20401E-01 -5.31156E-02  5.42773E+00  7.08127E+00
-5.31156E-02 -3.94063E-01  7.08127E+00  8.72205E+00
-3.94063E-01 -5.99574E-01  8.72205E+00  1.02683E+01
-5.99574E-01 -4.71033E-01  1.02683E+01  1.16706E+01
-4.71033E-01 -4.68969E-01  1.16706E+01  1.29598E+01
-4.68969E-01  2.34484E-01  1.29598E+01  1.41366E+01
 1.34102E-02 -2.68205E-02 -2.55941E+01 -2.48408E+01
-2.68205E-02 -1.66309E-02 -2.48408E+01 -2.40939E+01
-1.66309E-02 -1.99547E-02 -2.40939E+01 -2.33511E+01
-1.99547E-02 -1.96575E-02 -2.33511E+01 -2.26130E+01
-1.96575E-02 -2.03264E-02 -2.26130E+01 -2.18796E+01
-2.03264E-02 -2.07272E-02 -2.18796E+01 -2.11511E+01
-2.07272E-02 -2.11843E-02 -2.11511E+01 -2.04276E+01
-2.11843E-02 -2.16034E-02 -2.04276E+01 -1.97091E+01
-2.16034E-02 -2.20005E-02 -1.97091E+01 -1.89959E+01
-2.20005E-02 -2.23602E-02 -1.89959E+01 -1.82879E+01
-2.23602E-02 -2.26732E-02 -1.82879E+01 -1.75853E+01
-2.26732E-02 -2.29256E-02 -1.75853E+01 -1.68881E+01
-2.29256E-02 -2.31017E-02 -1.68881E+01 -1.61965E+01
-2.31017E-02 -2.31822E-02 -1.61965E+01 -1.55103E+01
-2.31822E-02 -2.31439E-02 -1.55103E+01 -1.48298E+01
-2.31439E-02 -2.29591E-02 -1.48298E+01 -1.41548E+01
-2.29591E-02 -2.25945E-02 -1.41548E+01 -1.34853E+01
-2.25945E-02 -2.20100E-02 -1.34853E+01 -1.28212E+01
-2.20100E-02 -2.11574E-02 -1.28212E+01 -1.21624E+01
-2.11574E-02 -1.99787E-02 -1.21624E+01 -1.15087E+01
-1.99787E-02 -1.84040E-02 -1.15087E+01 -1.08598E+01
-1.84040E-02 -1.63488E-02 -1.08598E+01 -1.02153E+01
-1.63488E-02 -1.37108E-02 -1.02153E+01 -9.57474E+00
-1.37108E-02 -1.03658E-02 -9.57474E+00 -8.93745E+00
-1.03658E-02 -6.16232E-03 -8.93745E+00 -8.30266E+00
-6.16232E-03 -9.15489E-04 -8.30266E+00 -7.66934E+00
-9.15489E-04  5.60137E-03 -7.66934E+00 -7.03625E+00
 5.60137E-03  1.36664E-02 -7.03625E+00 -6.40181E+00
 1.36664E-02  2.36209E-02 -6.40181E+00 -5.76409E+00
 2.36209E-02  3.58820E-02 -5.76409E+00 -5.12070E+00
 3.58820E-02  5.09546E-02 -5.12070E+00 -4.46870E+00
 5.09546E-02  6.94376E-02 -4.46870E+00 -3.80447E+00
 6.94376E-02  9.20141E-02 -3.80447E+00 -3.12357E+00
 9.20141E-02  1.19403E-01 -3.12357E+00 -2.42059E+00
 1.19403E-01  1.52233E-01 -2.42059E+00 -1.68896E+00
 1.52233E-01  1.90763E-01 -1.68896E+00 -9.20788E-01
 1.90763E-01  2.34333E-01 -9.20788E-01 -1.06834E-01
 2.34333E-01  2.80392E-01 -1.06834E-01  7.63360E-01
 2.80392E-01  3.23003E-01  7.63360E-01  1.70085E+00
 3.23003E-01  3.51091E-01  1.70085E+00  2.71586E+00
 3.51091E-01  3.47669E-01  2.71586E+00  3.81513E+00
 3.47669E-01  2.93155E-01  3.81513E+00  4.99784E+00
 2.93155E-01  1.77064E-01  4.99784E+00  6.25091E+00
 1.77064E-01  1.68817E-02  6.25091E+00  7.54647E+00
 1.68817E-02 -1.37836E-01  7.54647E+00  8.84609E+00
-1.37836E-01 -2.36519E-01  8.84609E+00  1.01126E+01
-2.36519E-01 -2.49035E-01  1.01126E+01  1.13224E+01
-2.49035E-01 -1.95933E-01  1.13224E+01  1.24724E+01
-1.95933E-01 -1.60453E-01  1.24724E+01  1.35754E+01
-1.60453E-01  8.02267E-02  1.35754E+01  1.46398E+01
 1.46130E-02 -2.92259E-02 -1.93212E+01 -1.85804E+01
-2.92259E-02 -1.81472E-02 -1.85804E+01 -1.78467E+01
-1.81472E-02 -2.17897E-02 -1.78467E+01 -1.71173E+01
-2.17897E-02 -2.14905E-02 -1.71173E+01 -1.63931E+01
-2.14905E-02 -2.22463E-02 -1.63931E+01 -1.56741E+01
-2.22463E-02 -2.27134E-02 -1.56741E+01 -1.49604E+01
-2.27134E-02 -2.32457E-02 -1.49604E+01 -1.42522E+01
-2.32457E-02 -2.37412E-02 -1.42522E+01 -1.35496E+01
-2.37412E-02 -2.42183E-02 -1.35496E+01 -1.28526E+01
-2.42183E-02 -2.46613E-02 -1.28526E+01 -1.21615E+01
-2.46613E-02 -2.50615E-02 -1.21615E+01 -1.14763E+01
-2.50615E-02 -2.54057E-02 -1.14763E+01 -1.07971E+01
-2.54057E-02 -2.56787E-02 -1.07971E+01 -1.01240E+01
-2.56787E-02 -2.58623E-02 -1.01240E+01 -9.45709E+00
-2.58623E-02 -2.59347E-02 -9.45709E+00 -8.79637E+00
-2.59347E-02 -2.58697E-02 -8.79637E+00 -8.14187E+00
-2.58697E-02 -2.56362E-02 -8.14187E+00 -7.49358E+00
-2.56362E-02 -2.51970E-02 -7.49358E+00 -6.85144E+00
-2.51970E-02 -2.45075E-02 -6.85144E+00 -6.21534E+00
-2.45075E-02 -2.35146E-02 -6.21534E+00 -5.58513E+00
-2.35146E-02 -2.21544E-02 -5.58513E+00 -4.96057E+00
-2.21544E-02 -2.03503E-02 -4.96057E+00 -4.34132E+00
-2.03503E-02 -1.80104E-02 -4.34132E+00 -3.72695E+00
-1.80104E-02 -1.50236E-02 -3.72695E+00 -3.11691E+00
-1.50236E-02 -1.12556E-02 -3.11691E+00 -2.51047E+00
-1.12556E-02 -6.54378E-03 -2.51047E+00 -1.90674E+00
-6.54378E-03 -6.90518E-04 -1.90674E+00 -1.30457E+00
-6.90518E-04  6.54438E-03 -1.30457E+00 -7.02574E-01
 6.54438E-03  1.54523E-02 -7.02574E-01 -9.90038E-02
 1.54523E-02  2.63848E-02 -9.90038E-02  5.08275E-01
 2.63848E-02  3.97599E-02  5.08275E-01  1.12189E+00
 3.97599E-02  5.60625E-02  1.12189E+00  1.74504E+00
 5.60625E-02  7.58259E-02  1.74504E+00  2.38165E+00
 7.58259E-02  9.95773E-02  2.38165E+00  3.03645E+00
 9.95773E-02  1.27708E-01  3.03645E+00  3.71516E+00
 1.27708E-01  1.60207E-01  3.71516E+00  4.42451E+00
 1.60207E-01  1.96165E-01  4.42451E+00  5.17232E+00
 1.96165E-01  2.32939E-01  5.17232E+00  5.96720E+00
 2.32939E-01  2.64985E-01  5.96720E+00  6.81799E+00
 2.64985E-01  2.82691E-01  6.81799E+00  7.73238E+00
 2.82691E-01  2.72481E-01  7.73238E+00  8.71461E+00
 2.72481E-01  2.20588E-01  8.71461E+00  9.76224E+00
 2.20588E-01  1.23271E-01  9.76224E+00  1.08628E+01
 1.23271E-01  5.64105E-05  1.08628E+01  1.19930E+01
 5.64105E-05 -1.01669E-01  1.19930E+01  1.31231E+01
-1.01669E-01 -1.45351E-01  1.31231E+01  1.42289E+01
-1.45351E-01 -1.12670E-01  1.42289E+01  1.52998E+01
-1.12670E-01 -1.25510E-01  1.52998E+01  1.63436E+01
-1.25510E-01  4.14471E-02  1.63436E+01  1.73573E+01
 4.14471E-02 -2.07236E-02  1.73573E+01  1.83810E+01
 1.18229E-02 -2.36458E-02 -2.55112E+01 -2.47319E+01
-2.36458E-02 -1.46794E-02 -2.47319E+01 -2.39583E+01
-1.46794E-02 -1.76226E-02 -2.39583E+01 -2.31882E+01
-1.76226E-02 -1.73748E-02 -2.31882E+01 -2.24223E+01
-1.73748E-02 -1.79780E-02 -2.24223E+01 -2.16606E+01
-1.79780E-02 -1.83439E-02 -2.16606E+01 -2.09032E+01
-1.83439E-02 -1.87580E-02 -2.09032E+01 -2.01502E+01
-1.87580E-02 -1.91359E-02 -2.01502E+01 -1.94017E+01
-1.91359E-02 -1.94907E-02 -1.94017E+01 -1.86579E+01
-1.94907E-02 -1.98074E-02 -1.86579E+01 -1.79186E+01
-1.98074E-02 -2.00758E-02 -1.79186E+01 -1.71842E+01
-2.00758E-02 -2.02817E-02 -1.71842E+01 -1.64545E+01
-2.02817E-02 -2.04080E-02 -1.64545E+01 -1.57298E+01
-2.04080E-02 -2.04344E-02 -1.57298E+01 -1.50099E+01
-2.04344E-02 -2.03360E-02 -1.50099E+01 -1.42949E+01
-2.03360E-02 -2.00828E-02 -1.42949E+01 -1.35848E+01
-2.00828E-02 -1.96388E-02 -1.35848E+01 -1.28796E+01
-1.96388E-02 -1.89603E-02 -1.28796E+01 -1.21790E+01
-1.89603E-02 -1.79946E-02 -1.21790E+01 -1.14830E+01
-1.79946E-02 -1.66781E-02 -1.14830E+01 -1.07913E+01
-1.66781E-02 -1.49334E-02 -1.07913E+01 -1.01036E+01
-1.49334E-02 -1.26670E-02 -1.01036E+01 -9.41952E+00
-1.26670E-02 -9.76488E-03 -9.41952E+00 -8.73845E+00
-9.76488E-03 -6.08817E-03 -8.73845E+00 -8.05974E+00
-6.08817E-03 -1.46688E-03 -8.05974E+00 -7.38248E+00
-1.46688E-03  4.30758E-03 -7.38248E+00 -6.70557E+00
 4.30758E-03  1.14919E-02 -6.70557E+00 -6.02763E+00
 1.14919E-02  2.04026E-02 -6.02763E+00 -5.34694E+00
 2.04026E-02  3.14302E-02 -5.34694E+00 -4.66134E+00
 3.14302E-02  4.50547E-02 -4.66134E+00 -3.96821E+00
 4.50547E-02  6.18616E-02 -3.96821E+00 -3.26426E+00
 6.18616E-02  8.25526E-02 -3.26426E+00 -2.54546E+00
 8.25526E-02  1.07939E-01 -2.54546E+00 -1.80685E+00
 1.07939E-01  1.38897E-01 -1.80685E+00 -1.04234E+00
 1.38897E-01  1.76234E-01 -1.04234E+00 -2.44487E-01
 1.76234E-01  2.20387E-01 -2.44487E-01  5.95659E-01
 2.20387E-01  2.70814E-01  5.95659E-01  1.48870E+00
 2.70814E-01  3.24880E-01  1.48870E+00  2.44673E+00
 3.24880E-01  3.76096E-01  2.44673E+00  3.48274E+00
 3.76096E-01  4.11895E-01  3.48274E+00  4.60901E+00
 4.11895E-01  4.12194E-01  4.60901E+00  5.83413E+00
 4.12194E-01  3.52176E-01  5.83413E+00  7.15818E+00
 3.52176E-01  2.14860E-01  7.15818E+00  8.56675E+00
 2.14860E-01  1.56932E-02  8.56675E+00  1.00269E+01
 1.56932E-02 -1.84529E-01  1.00269E+01  1.14908E+01
-1.84529E-01 -3.17740E-01  1.14908E+01  1.29104E+01
-3.17740E-01 -3.51796E-01  1.29104E+01  1.42538E+01
-3.51796E-01 -2.86379E-01  1.42538E+01  1.55127E+01
-2.86379E-01 -2.68214E-01  1.55127E+01  1.67029E+01
-2.68214E-01  1.34107E-01  1.67029E+01  1.78287E+01
